TEMPLATE_VERSION: 1.0
PROFILE_FILE: 1713_20cm.pTF
SOURCE: J1713+0747
DATE: UNSET
ID: UNSET
UNITS: UNSET
NCHAN: 1
#
#
STOKES: I
FREQUENCY_RANGE: 1369.000000 1625.000000
NCOMP: 7
NVonMises: 8
VonM: 1
VonM: 1
VonM: 1
VonM: 1
VonM: 1
VonM: 1
VonM: 2
COMP1: 0.844741 0.415891 0.113108 0.346275 0.915298 0.488866
COMP2: 67.6607 284.299 115.012 315.131 0.015788 0.025014
COMP3: 11.7213 1.24391 189.04 63.3399 0.922082 0.00200633
COMP4: 24.3698 60.1474 95.8626 119.888 0.971619 0.0279413
COMP5: 3.498 1.00969 80.5541 73.375 0.125148 0.00793364
COMP6: 24.2582 179.473 38.5996 171.892 0.0286467 0.208385
COMP7: 136.751 61.2771 347.511 200.381 0.000243286 0.00202805
COMP8: 52.9717 47.3285 1123.83 585.168 0.997916 0.000652296
